gateway: 0.19999999999999996
node1: 0.93858
node13: 0.9338299999999999
node14: 0.9325
node15: 0.93175
node16: 0.93342
node17: 0.88967
node18: 0.94158
node19: 0.93533
node2: 0.69817
node20: 0.93867
node21: 0.938
node4: 0.917
node5: 0.92233
node6: 0.9355
node7: 0.93575
node8: 0.93917
node9: 0.93492
